0.750027, 0.669918
0.567302, 0.893259
0.868474, 0.718831
0.706378, 0.85288
0.949576, 0.321171
0.969308, 0.699603
0.99109, 0.486648
0.770682, 0.84323
0.563915, 0.939791
0.859687, 0.85913
0.95878, 0.972059
0.917717, 0.433114
0.628191, 0.852391
0.558287, 0.889154
0.418785, 0.941299
0.996442, 0.336502
0.542247, 0.900895
0.851786, 0.683453
0.660302, 0.885474
0.755693, 0.753379
0.897541, 0.780595
0.433687, 0.907284
0.500065, 0.975934
0.896026, 0.669759
0.67575, 0.852622
0.473345, 0.955938
0.366783, 0.936315
0.714091, 0.943315
0.904971, 0.77738
0.586491, 0.969849
0.925819, 0.723902
0.972194, 0.477862
0.454797, 0.927244
0.654299, 0.892051
0.896055, 0.744207
0.90775, 0.636959
0.439173, 0.953683
0.995912, 0.113274
0.995298, 0.903662
0.978167, 0.806693
0.924018, 0.467823
0.979752, 0.937826
0.910267, 0.80044
0.645385, 0.795537
0.749457, 0.686988
0.482525, 0.950893
0.215638, 0.992768
0.872903, 0.561902
0.988606, 0.307532
0.5599, 0.883004
0.946393, 0.995253
0.943459, 0.48283
0.898471, 0.804625
0.962518, 0.611279
0.864016, 0.997875
0.857159, 0.865927
0.999652, 0.983039
0.90731, 0.966868
0.938247, 0.354221
0.923364, 0.813177
0.96907, 0.284316
0.867127, 0.827268
0.921812, 0.991751
0.668175, 0.934312
0.27619, 0.974865
0.99451, 0.221587
0.943601, 0.522588
0.923895, 0.41675
0.926749, 0.837454
0.351557, 0.962112
0.480826, 0.939454
0.590334, 0.808488
0.896971, 0.752861
0.760223, 0.696513
0.970417, 0.737724
0.986918, 0.991413
0.942739, 0.486873
0.736091, 0.773503
0.809503, 0.962958
0.941724, 0.596958
0.797337, 0.900065
0.993547, 0.7269
0.980376, 0.20767
0.781219, 0.789879
0.984264, 0.537536
0.987592, 0.578006
0.725663, 0.771367
0.925878, 0.648451
0.649603, 0.910142
0.863891, 0.789231
0.473805, 0.91406
0.971058, 0.550689
0.988382, 0.7396
0.999631, 0.128624
0.774357, 0.751912
0.830184, 0.745415
0.602221, 0.931535
0.829717, 0.917979
0.905452, 0.899026
0.825596, 0.968939
0.584132, 0.930723
0.816646, 0.912683
0.811709, 0.975807
0.961406, 0.95093
0.979666, 0.787003
0.919869, 0.901503
0.950798, 0.548708
0.843312, 0.666005
0.599119, 0.890718
0.646113, 0.80367
0.841657, 0.766387
0.50853, 0.906575
0.924097, 0.999412
0.89013, 0.782633
0.327282, 0.9995
0.948211, 0.987263
0.866922, 0.557279
0.423209, 0.986235
0.942388, 0.446662
0.91672, 0.55029
0.258368, 0.974037
0.49124, 0.94576
0.855968, 0.761661
0.974993, 0.39942
0.596504, 0.833182
0.933311, 0.71717
0.993125, 0.342998
0.787347, 0.900294
0.651868, 0.963527
0.851007, 0.979052
0.914678, 0.69673
0.758969, 0.908104
0.946461, 0.862016
0.934478, 0.997451
0.588846, 0.897011
0.805115, 0.769599
0.758651, 0.676745
0.976408, 0.416609
0.981637, 0.886116
0.755667, 0.928099
0.962125, 0.548048
0.988506, 0.623672
0.812821, 0.840433
0.878644, 0.744372
0.988972, 0.855051
0.741167, 0.916649
0.898709, 0.489298
0.62199, 0.790989
0.954368, 0.552387
0.469035, 0.938456
0.850806, 0.942188
0.950873, 0.472796
0.81156, 0.605827
0.868475, 0.512008
0.925497, 0.991897
0.95162, 0.704757
0.919176, 0.451175
0.782533, 0.664243
0.897136, 0.852104
0.961843, 0.474651
0.238445, 0.998525
0.977227, 0.897897
0.650924, 0.80208
0.673135, 0.940884
0.860296, 0.801065
0.798683, 0.946698
0.81489, 0.916378
0.672178, 0.97504
0.99966, 0.342763
0.630655, 0.894532
0.99201, 0.282532
0.873217, 0.757655
0.966573, 0.290041
0.922505, 0.496818
0.984386, 0.517026
0.325859, 0.950959
0.807067, 0.852032
0.88002, 0.909638
0.602314, 0.84039
0.842854, 0.989258
0.789217, 0.644457
0.724562, 0.968549
0.856141, 0.987332
0.995299, 0.736162
0.895435, 0.991152
0.308776, 0.995223
0.287895, 0.966503
0.285946, 0.968185
0.940271, 0.824109
0.566241, 0.961854
0.854973, 0.936856
0.979537, 0.501846
0.878417, 0.687377
0.217858, 0.989175
0.853671, 0.787929
0.724785, 0.84733
0.957394, 0.794745
0.475641, 0.997655
0.734682, 0.846663
0.875478, 0.848144
0.750679, 0.862092
0.964012, 0.587305
0.829294, 0.993064
0.739784, 0.831339
0.97878, 0.512422
0.647113, 0.778193
0.894651, 0.789437
0.963773, 0.669833
0.6565, 0.878644
0.647429, 0.890086
0.373665, 0.933221
0.657264, 0.771361
0.619777, 0.8529
0.644413, 0.96622
0.89771, 0.978006
0.764388, 0.926707
0.938399, 0.375937
0.993146, 0.620734
0.458426, 0.959017
0.885723, 0.930072
0.665159, 0.862425
0.93164, 0.872863
0.996596, 0.226941
0.972206, 0.482785
0.317, 0.972754
0.859802, 0.914473
0.850647, 0.894797
0.489589, 0.895813
0.946418, 0.644983
0.884877, 0.698442
0.617563, 0.824444
0.967478, 0.279914
0.654899, 0.760536
0.405519, 0.945343
0.829072, 0.607557
0.967137, 0.713949
0.449472, 0.899239
0.909692, 0.496782
0.666412, 0.964255
0.686661, 0.984976
0.969589, 0.485505
0.969926, 0.908886
0.774826, 0.696918
0.681894, 0.928585
0.950937, 0.970337
0.856686, 0.534294
0.875261, 0.627247
0.995769, 0.922579
0.915202, 0.6966
0.983408, 0.350042
0.380363, 0.937715
0.716435, 0.827658
0.703671, 0.946748
0.669888, 0.999033
0.742122, 0.71549
0.662239, 0.864814
0.994035, 0.592081
0.874073, 0.518839
0.336692, 0.992843
0.979094, 0.818041
0.916476, 0.853167
0.84601, 0.796793
0.855119, 0.573851
0.715939, 0.982895
0.786815, 0.972328
0.891737, 0.832436
0.493399, 0.91249
0.952685, 0.393178
0.926825, 0.910843
0.883171, 0.601149
0.978111, 0.607963
0.98862, 0.174133
0.603867, 0.839388
0.837833, 0.670539
0.94379, 0.490257
0.233338, 0.979317
0.616275, 0.800756
0.71494, 0.771027
0.750039, 0.790295
0.90313, 0.620357
0.815717, 0.991274
0.902347, 0.572885
0.899599, 0.707571
0.871003, 0.769619
0.59043, 0.838098
0.634852, 0.796494
0.742027, 0.826781
0.847711, 0.641626
0.929023, 0.979606
0.7761, 0.774365
0.415991, 0.925007
0.772501, 0.772933
0.754266, 0.762444
0.616, 0.792203
0.752233, 0.975187
0.716242, 0.994378
0.772868, 0.977834
0.814815, 0.840972
0.430644, 0.912119
0.696827, 0.903437
0.845853, 0.666815
0.93114, 0.649034
0.715045, 0.9679
0.826066, 0.944836
0.455634, 0.969945
0.976771, 0.43216
0.880702, 0.508808
0.250052, 0.994895
0.96484, 0.81451
0.825095, 0.969329
0.950373, 0.811199
0.783207, 0.93794
0.793793, 0.84132
0.941324, 0.649617
0.954259, 0.567058
0.458772, 0.994449
0.470665, 0.886977
0.823587, 0.912309
0.99057, 0.734549
0.728998, 0.994905
0.595083, 0.833354
0.995275, 0.840567
0.930894, 0.84122
0.749642, 0.874716
0.665494, 0.922876
0.691367, 0.910459
0.556424, 0.993102
0.733636, 0.980741
0.648614, 0.868776
0.845255, 0.593867
0.625473, 0.944809
0.975256, 0.389703
0.833725, 0.751422
0.891137, 0.567361
0.732163, 0.963799
0.930858, 0.985132
0.534102, 0.992912
0.964415, 0.499476
0.93276, 0.610043
0.387317, 0.935314
0.974829, 0.85275
0.985057, 0.708802
0.475868, 0.917817
0.864328, 0.536908
0.882227, 0.9852
0.757085, 0.809777
0.766349, 0.769741
0.684368, 0.983723
0.984954, 0.501904
0.982038, 0.9042
0.812529, 0.77277
0.488844, 0.905941
0.86656, 0.897631
0.68475, 0.788277
0.558018, 0.933895
0.946819, 0.926185
0.936566, 0.81338
0.823816, 0.973751
0.566932, 0.934235
0.655881, 0.918494
0.528316, 0.927372
0.861267, 0.950961
0.451208, 0.909354
0.770003, 0.639313
0.738345, 0.694238
0.993202, 0.187319
0.959525, 0.779124
0.871125, 0.69787
0.814453, 0.983048
0.487018, 0.912402
0.9628, 0.394466
0.769247, 0.997175
0.980849, 0.829038
0.93383, 0.59895
0.736634, 0.697562
0.94381, 0.699434
0.565848, 0.89755
0.990256, 0.360084
0.847716, 0.924086
0.959034, 0.684977
0.996858, 0.654751
0.684182, 0.850978
0.684384, 0.907212
0.709668, 0.864051
0.935788, 0.620868
0.83792, 0.876848
0.988646, 0.28192
0.878748, 0.792169
0.770212, 0.871937
0.585074, 0.993735
0.735647, 0.766437
0.498349, 0.871212
0.613192, 0.831697
0.214982, 0.983839
0.847332, 0.937107
0.230086, 0.990427
0.848133, 0.783528
0.777266, 0.63734
0.983414, 0.825177
0.867769, 0.894831
0.822265, 0.569807
0.994014, 0.245534
0.560407, 0.910948
0.601668, 0.802288
0.674873, 0.77632
0.709567, 0.882019
0.546409, 0.957318
0.731865, 0.904768
0.99549, 0.629132
0.997478, 0.48586
0.716441, 0.934091
0.614783, 0.892203
0.385526, 0.998412
0.559866, 0.838147
0.949265, 0.631423
0.876984, 0.746662
0.972397, 0.977841
0.943395, 0.343953
0.881924, 0.893055
0.387577, 0.956055
0.538219, 0.854547
0.781706, 0.796015
0.800425, 0.662784
0.909, 0.58302
0.986461, 0.493969
0.998962, 0.303589
0.715658, 0.862136
0.731694, 0.744429
0.90975, 0.737588
0.987172, 0.503114
0.831899, 0.759935
0.835822, 0.996508
0.750297, 0.820091
0.958467, 0.517009
0.536597, 0.849705
0.854727, 0.620134
0.767507, 0.9926
0.280315, 0.997398
0.947833, 0.648596
0.817132, 0.698165
0.625314, 0.921405
0.615062, 0.835268
0.993927, 0.200246
0.630343, 0.947204
0.706577, 0.919683
0.956229, 0.593642
0.846587, 0.647567
0.281687, 0.983336
0.351167, 0.962881
0.802652, 0.989049
0.724209, 0.918303
0.857493, 0.814989
0.905036, 0.921365
0.340887, 0.965743
0.479256, 0.903612
0.784108, 0.646415
0.692757, 0.920652
0.842017, 0.564764
0.530507, 0.873216
0.720447, 0.987959
0.908659, 0.571282
0.593586, 0.953358
0.79724, 0.730991
0.768852, 0.906036
0.930666, 0.697975
0.685888, 0.931993
0.81445, 0.584522
0.877345, 0.608598
0.962517, 0.449675
0.355285, 0.949625
0.745829, 0.760141
0.964863, 0.824967
0.854038, 0.779313
0.873566, 0.655266
0.51357, 0.975042
0.965502, 0.740854
0.978972, 0.340252
0.711285, 0.96282
0.902347, 0.726888
0.812064, 0.837813
0.396902, 0.943849
0.942234, 0.925251
0.688422, 0.963609
0.687172, 0.901389
0.921595, 0.85936
0.873604, 0.605809
0.261198, 0.967871
0.97389, 0.826097
0.544183, 0.88808
0.867921, 0.940324
0.923186, 0.536572
0.85204, 0.978511
0.780954, 0.853437
0.982576, 0.688296
0.535291, 0.989788
0.804702, 0.831739
0.926647, 0.581668
0.938041, 0.763377
0.504446, 0.926844
0.974728, 0.579967
0.634943, 0.938695
0.943298, 0.956793
0.696296, 0.875325
0.990709, 0.512848
0.923332, 0.928086
0.539694, 0.892477
0.93113, 0.618812
0.73776, 0.989706
0.565764, 0.884526
0.972248, 0.61506
0.313174, 0.994199
0.998191, 0.350379
0.772083, 0.96999
0.922997, 0.416369
0.877864, 0.599981
0.90922, 0.936832
0.875668, 0.550082
0.901973, 0.647751
0.251489, 0.99883
0.998906, 0.174486
0.720977, 0.9803
0.73516, 0.780509
0.895252, 0.64438
0.819316, 0.587238
0.863332, 0.721922
0.876994, 0.581338
0.989482, 0.583321
0.907401, 0.906112
0.590739, 0.872274
0.181714, 0.989116
0.918197, 0.746112
0.973542, 0.30487
0.890937, 0.769587
0.323499, 0.979947
0.900538, 0.893911
0.645157, 0.818735
0.96399, 0.312194
0.786976, 0.681039
0.856269, 0.640113
0.946975, 0.379786
0.738835, 0.997384
0.896278, 0.68581
0.956284, 0.736904
0.925076, 0.898837
0.766132, 0.849912
0.889699, 0.852028
0.581546, 0.850609
0.826037, 0.766364
0.999442, 0.760797
0.961512, 0.59472
0.352921, 0.985012
0.941158, 0.431523
0.987192, 0.582947
0.858777, 0.820326
0.523994, 0.931501
0.836645, 0.682968
0.966016, 0.672217
0.841378, 0.815678
0.587025, 0.835697
0.988924, 0.736008
0.994497, 0.177912
0.972344, 0.609284
0.839185, 0.942896
0.842607, 0.915094
0.986981, 0.831531
0.917038, 0.820316
0.877993, 0.51874
0.976328, 0.490998
0.945609, 0.62743
0.617848, 0.946666
0.309157, 0.983765
0.952476, 0.514697
0.927831, 0.451184
0.925315, 0.957426
0.814096, 0.743423
0.8481, 0.574764
0.526576, 0.990228
0.724337, 0.956857
0.709002, 0.835667
0.787188, 0.992481
0.707322, 0.849153
0.99766, 0.795132
0.855744, 0.634522
0.990822, 0.368883
0.960741, 0.73956
0.937572, 0.559123
0.951493, 0.423341
0.928886, 0.682531
0.970855, 0.883469
0.917665, 0.434051
0.993173, 0.472332
0.83691, 0.694931
0.896824, 0.570371
0.786841, 0.65754
0.949024, 0.40254
0.83659, 0.718887
0.721925, 0.829763
0.94334, 0.411464
0.561585, 0.832543
0.662306, 0.964638
0.86466, 0.941657
0.992767, 0.140741
0.537768, 0.949719
0.571743, 0.998508
0.419221, 0.912899
0.77212, 0.760035
0.974408, 0.373706
0.262438, 0.968228
0.399307, 0.959101
0.975868, 0.886438
0.512128, 0.963956
0.996866, 0.783406
0.366724, 0.940745
0.740744, 0.95311
0.912211, 0.454654
0.952255, 0.388562
0.935933, 0.454446
0.588145, 0.871931
0.414486, 0.973881
0.972805, 0.353902
0.486233, 0.908738
0.534283, 0.95445
0.644183, 0.809439
0.708468, 0.848842
0.937972, 0.80101
0.915795, 0.711411
0.97913, 0.360346
0.999696, 0.165585
0.835887, 0.682699
0.83015, 0.630692
0.912304, 0.871205
0.942268, 0.686591
0.799568, 0.62094
0.517654, 0.990753
0.791085, 0.865057
0.551648, 0.885057
0.603603, 0.917327
0.210306, 0.985531
0.852194, 0.939083
0.933141, 0.639264
0.892062, 0.823676
0.65842, 0.93513
0.874213, 0.949807
0.867396, 0.694581
0.780989, 0.800538
0.990448, 0.525585
0.764155, 0.88251
0.972181, 0.89128
0.826409, 0.793887
0.743694, 0.850149
0.574201, 0.988437
0.815854, 0.892846
0.891136, 0.687022
0.907451, 0.639116
0.977237, 0.596017
0.589731, 0.887691
0.618488, 0.819653
0.227432, 0.986926
0.37866, 0.939733
0.936196, 0.785222
0.639866, 0.939561
0.759214, 0.817817
0.945407, 0.798878
0.899103, 0.881604
0.846643, 0.592151
0.703844, 0.891735
0.831296, 0.626282
0.754952, 0.952918
0.996452, 0.809315
0.922388, 0.768617
0.999067, 0.13698
0.952619, 0.437578
0.948937, 0.370666
0.987808, 0.642643
0.451415, 0.9586
0.777153, 0.703197
0.820529, 0.651448
0.741686, 0.828134
0.465537, 0.972454
0.691984, 0.966605
0.614142, 0.994475
0.959769, 0.740645
0.454328, 0.906958
0.544441, 0.927244
0.451366, 0.91409
0.865975, 0.598069
0.436756, 0.907002
0.745921, 0.920382
0.847626, 0.726524
0.857134, 0.594665
0.390386, 0.992195
0.602575, 0.827142
0.993269, 0.377643
0.592895, 0.850403
0.972308, 0.289435
0.940296, 0.937022
0.880922, 0.729285
0.385464, 0.943372
0.986999, 0.946063
0.887565, 0.466439
0.668401, 0.962591
0.832228, 0.708201
0.863609, 0.570023
0.950775, 0.950777
0.981994, 0.583794
0.788838, 0.99252
0.872102, 0.817384
0.805508, 0.677023
0.945629, 0.58033
0.9596, 0.315313
0.291603, 0.992888
0.932895, 0.85059
0.960565, 0.519884
0.762268, 0.906193
0.668203, 0.960562
0.705987, 0.788989
0.43907, 0.997591
0.781877, 0.734961
0.254972, 0.972832
0.706765, 0.734367
0.725397, 0.775572
0.514355, 0.980368
0.869133, 0.814833
0.526576, 0.982365
0.977267, 0.698864
0.881879, 0.517621
0.721035, 0.859146
0.91376, 0.77753
0.822694, 0.992368
0.896683, 0.876456
0.821438, 0.798941
0.851409, 0.988967
0.747229, 0.906085
0.886905, 0.751044
0.984468, 0.317781
0.971756, 0.990593
0.887244, 0.887946
0.842568, 0.971903
0.855177, 0.948358
0.99885, 0.856219
0.714042, 0.886094
0.976952, 0.248504
0.654053, 0.992209
0.393042, 0.972051
0.92041, 0.489842
0.865219, 0.738101
0.737897, 0.842171
0.986604, 0.828447
0.854914, 0.994822
0.52328, 0.942107
0.75558, 0.916322
0.85045, 0.855479
0.867814, 0.678307
0.804283, 0.743572
0.855921, 0.663835
0.798891, 0.72631
0.922718, 0.517805
0.956596, 0.420933
0.246323, 0.981057
0.75515, 0.769133
0.955142, 0.945864
0.719067, 0.810787
0.928246, 0.752551
0.721625, 0.883388
0.698415, 0.920424
0.913155, 0.768427
0.993708, 0.721411
0.876569, 0.897874
0.813484, 0.882393
0.330886, 0.998684
0.997837, 0.900017
0.590809, 0.856582
0.559241, 0.978997
0.998216, 0.580147
0.879963, 0.605934
0.951715, 0.466613
0.717872, 0.706746
0.645832, 0.839636
0.935972, 0.644134
0.769596, 0.690407
0.985072, 0.272086
0.927669, 0.720939
0.801258, 0.859475
0.94656, 0.767071
0.980208, 0.869524
0.865877, 0.570613
0.876853, 0.839062
0.882722, 0.905482
0.792135, 0.746355
0.868177, 0.769481
0.845426, 0.653382
0.467256, 0.901185
0.670854, 0.871905
0.57355, 0.853345
0.946569, 0.64602
0.796222, 0.643381
0.914361, 0.634583
0.935706, 0.508288
0.71725, 0.973017
0.662103, 0.860759
0.71523, 0.865333
0.886644, 0.775776
0.865005, 0.741122
0.89126, 0.979663
0.958072, 0.875349
0.855676, 0.539882
0.837573, 0.561309
0.983114, 0.431913
0.567865, 0.984242
0.775411, 0.74815
0.946827, 0.632561
0.523953, 0.983318
0.730432, 0.988102
0.994658, 0.544574
0.989427, 0.291629
0.763961, 0.936254
0.449901, 0.919646
0.919312, 0.894611
0.170282, 0.987841
0.787073, 0.869859
0.956038, 0.305801
0.75393, 0.783486
0.987179, 0.265201
0.712057, 0.795489
0.990288, 0.885571
0.863599, 0.819322
0.865926, 0.943812
0.190049, 0.997598
0.82808, 0.735303
0.360989, 0.934824
0.878636, 0.564174
0.93779, 0.397624
0.672129, 0.811287
0.504789, 0.973247
0.737537, 0.683315
0.860135, 0.531936
0.773956, 0.742305
0.792247, 0.827397
0.892059, 0.782457
0.455009, 0.914271
0.680558, 0.752888
0.120481, 0.993605
0.54719, 0.895792
0.594146, 0.918517
0.679313, 0.886602
0.399032, 0.949458
0.510058, 0.9198
0.987262, 0.185428
0.663812, 0.975847
0.748552, 0.936739
0.500558, 0.908188
0.592151, 0.855693
0.91732, 0.894355
0.632294, 0.986032
0.99633, 0.895465
0.508747, 0.886577
0.781116, 0.812903
0.668597, 0.87394
0.766792, 0.891748
0.937345, 0.900408
0.956114, 0.933676
0.820253, 0.963245
0.828167, 0.937743
0.88352, 0.541746
0.985477, 0.346593
0.854469, 0.805731
0.897052, 0.941013
0.992972, 0.709672
0.909961, 0.796378
0.970243, 0.491259
0.641106, 0.880204
0.514079, 0.858811
0.962768, 0.412872
0.582402, 0.933212
0.594489, 0.87004
0.387992, 0.935374
0.604535, 0.861478
0.672208, 0.895204
0.533083, 0.866701
0.522233, 0.965275
0.686045, 0.834527
0.995589, 0.358253
0.494877, 0.909957
0.76994, 0.9711
0.842804, 0.853128
0.984436, 0.642581
0.476568, 0.998046
0.878877, 0.923909
0.854818, 0.910313
0.898878, 0.528262
0.852706, 0.554802
0.845347, 0.834712
0.982787, 0.321915
0.832759, 0.861663
0.89719, 0.833322
0.973715, 0.673835
0.888778, 0.956502
0.99575, 0.721537
0.877069, 0.719195
0.342214, 0.942913
0.841534, 0.610473
0.561446, 0.847291
0.51398, 0.890469
0.866594, 0.55739
0.411743, 0.923831
0.987555, 0.714979
0.901766, 0.529626
0.577493, 0.95547
0.939506, 0.494777
0.931906, 0.572142
0.507717, 0.919461
0.986223, 0.995066
0.960476, 0.99681
0.951227, 0.95777
0.966961, 0.932212
0.77965, 0.686262
0.683072, 0.97694
0.926791, 0.933478
0.634385, 0.85953
0.941615, 0.988218
0.926361, 0.440051
0.953582, 0.826376
0.736498, 0.960883
0.362266, 0.994475
0.933581, 0.877102
0.794851, 0.64938
0.995612, 0.479053
0.972583, 0.64448
0.521583, 0.970565
0.354976, 0.952201
0.824261, 0.704911
0.926842, 0.637047
0.994847, 0.811129
0.739239, 0.888537
0.609188, 0.925512
0.907902, 0.435575
0.477109, 0.998456
0.900988, 0.530542
0.798174, 0.722431
0.797388, 0.658348
0.958509, 0.651656
0.999162, 0.552872
0.713607, 0.827628
0.922685, 0.464934
0.713241, 0.881194
0.905422, 0.491318
0.568627, 0.866794
0.800968, 0.870344
0.923859, 0.534723
0.566159, 0.881665
0.949229, 0.667978
0.969577, 0.675573
0.932054, 0.631299
0.865068, 0.855913
0.87202, 0.496034
0.758119, 0.69799
0.927738, 0.816534
0.979749, 0.71569
0.67078, 0.94309
0.799003, 0.816486
0.703297, 0.719157
0.735892, 0.692038
0.826385, 0.776705
0.796907, 0.903962
0.659954, 0.807806
0.707324, 0.806275
0.791549, 0.735809
0.632601, 0.798929
0.860595, 0.713278
0.360403, 0.960637
0.775848, 0.82798
0.854782, 0.914823
0.99294, 0.951811
0.869258, 0.732846
0.762478, 0.696565
0.962324, 0.579022
0.509038, 0.955264
0.870862, 0.561174
0.604094, 0.95207
0.968202, 0.657022
0.580386, 0.925797
0.877867, 0.538009
0.825269, 0.9732
0.454789, 0.947885
0.868607, 0.819611
0.618285, 0.929009
0.989147, 0.788049
0.466209, 0.906755
0.751601, 0.730878
0.707252, 0.946149
0.991455, 0.720401
0.96891, 0.346299
0.91109, 0.676161
0.901612, 0.773995
0.989147, 0.893067
0.7856, 0.675054
0.554761, 0.924905
0.837006, 0.640001
0.645244, 0.950237
0.941081, 0.381919
0.9961, 0.795141
0.847649, 0.729928
0.81686, 0.728048
0.796346, 0.88603
0.681992, 0.792446
0.681171, 0.781146
0.879591, 0.736203
0.825729, 0.696451
0.884675, 0.982105
0.600827, 0.815579
0.990574, 0.236091
0.636176, 0.942207
0.940269, 0.418064
0.251667, 0.998072
0.0770212, 0.999992
0.608, 0.922673
0.713654, 0.999196
0.533105, 0.93525
0.478948, 0.902576
0.89943, 0.800462
0.796956, 0.630763
0.482965, 0.93518
0.787087, 0.690961
0.868903, 0.961374
0.615551, 0.853517
0.909146, 0.958058
0.997275, 0.605191
0.830794, 0.587793
0.85921, 0.885977
0.676139, 0.771289
0.900208, 0.919193
0.517725, 0.894824
0.82251, 0.588771
0.972327, 0.670273
0.912294, 0.797806
0.623269, 0.981562
0.653429, 0.912932
0.997272, 0.522996
0.960167, 0.54357
0.692962, 0.920056
0.783723, 0.943723
0.568764, 0.891627
0.977469, 0.645688
0.994657, 0.32926
0.815417, 0.770875
0.761609, 0.925918
0.837156, 0.604711
0.849826, 0.858749
0.994624, 0.831346
0.715944, 0.752145
0.945363, 0.833685
0.62801, 0.794023
0.799905, 0.650057
0.844316, 0.593692
0.253477, 0.99827
0.648327, 0.931511
0.717886, 0.777746
0.823809, 0.749232
0.904071, 0.941342
0.994724, 0.950371
0.993869, 0.175566
0.986989, 0.773321
0.773761, 0.810798
0.366987, 0.940758
0.852678, 0.928534
0.95137, 0.801577
0.960696, 0.617357
0.446178, 0.929757
0.659236, 0.852159
0.780693, 0.877027
0.708474, 0.975672
0.465142, 0.96633
0.988743, 0.434316
0.894152, 0.452137
0.928989, 0.727182
0.996239, 0.4585
0.674626, 0.984982
0.235525, 0.982408
0.552296, 0.907865
0.72954, 0.754958
0.879793, 0.635496
0.865451, 0.994677
0.834894, 0.634531
0.596765, 0.925862
0.470763, 0.886924
0.846504, 0.990803
0.949851, 0.9437
0.647952, 0.762088
0.298612, 0.991526
0.744751, 0.837141
0.429285, 0.985348
0.960549, 0.575175
0.565979, 0.874585
0.757062, 0.729665
0.585717, 0.861474
0.826819, 0.76356
0.912548, 0.690122
0.519376, 0.976901
0.817257, 0.813387
0.842206, 0.929188
0.985492, 0.275564
0.942885, 0.902747
0.876705, 0.708818
0.68572, 0.971139
0.965101, 0.527164
0.397917, 0.977145
0.355001, 0.951194
0.782493, 0.876062
0.995257, 0.180409
0.934838, 0.409065
0.881621, 0.62387
0.757308, 0.730422
0.971921, 0.829715
0.479423, 0.916704
0.918091, 0.927204
0.656237, 0.783764
0.954794, 0.743369
0.631682, 0.914121
0.963765, 0.584449
0.822769, 0.996812
0.81488, 0.875861
0.940787, 0.884025
0.997533, 0.710736
0.971988, 0.528877
0.638239, 0.822484
0.985796, 0.780698
0.895413, 0.533458
0.460631, 0.91443
0.889697, 0.803831
0.647874, 0.937115
0.693112, 0.778198
0.875081, 0.737582
0.727846, 0.950235
0.752436, 0.844297
0.227422, 0.989091
0.654783, 0.955268
0.939326, 0.380117
0.760976, 0.862079
0.907854, 0.875111
0.823735, 0.575753
0.858635, 0.85467
0.455346, 0.939602
0.915794, 0.57802
0.453131, 0.970747
0.858695, 0.928563
0.746948, 0.896017
0.506295, 0.87453
0.916658, 0.699621
0.953371, 0.768032
0.726687, 0.868026
0.349836, 0.945247
0.82273, 0.738913
0.636696, 0.87717
0.909239, 0.898204
0.870404, 0.57634
0.782515, 0.671332
0.591733, 0.943562
0.974457, 0.717403
0.900316, 0.480279
0.908121, 0.44614
0.995733, 0.573797
0.707718, 0.896049
0.938805, 0.648915
0.726469, 0.994405
0.934655, 0.635334
0.78267, 0.922331
0.761553, 0.69079
0.963535, 0.450812
0.889978, 0.90234
0.817752, 0.851917
0.929385, 0.850492
0.741609, 0.952397
0.840472, 0.800957
0.93302, 0.913504
0.694253, 0.831976
0.734316, 0.880297
0.914679, 0.45246
0.927142, 0.986114
0.971559, 0.786231
0.738628, 0.861395
0.823248, 0.5791
0.662352, 0.756269
0.746892, 0.971767
0.799403, 0.99557
0.781801, 0.711681
0.521847, 0.954227
0.424729, 0.946074
0.849298, 0.647691
0.955069, 0.407031
0.999165, 0.424025
0.947813, 0.850084
0.144887, 0.989998
0.566992, 0.858586
0.920034, 0.964979
0.826313, 0.867847
0.902478, 0.685343
0.688425, 0.782528
0.612836, 0.829125
0.728044, 0.757723
0.928118, 0.79587
0.95978, 0.344902
0.885512, 0.956697
0.739225, 0.999373
0.788519, 0.967208
0.970337, 0.571214
0.757595, 0.689758
0.890397, 0.538304
0.726534, 0.891826
0.832222, 0.760616
0.690816, 0.979654
0.863521, 0.817664
0.851063, 0.658036
0.752867, 0.866632
0.992085, 0.992336
0.991036, 0.778263
0.871742, 0.803779
0.707769, 0.81545
0.828371, 0.821792
0.648334, 0.876014
0.984054, 0.640419
0.748492, 0.701604
0.94275, 0.739527
0.782144, 0.800689
0.889288, 0.738464
0.683505, 0.993674
0.945314, 0.916266
0.895246, 0.727831
0.973004, 0.523821
0.805989, 0.885314
0.951564, 0.723628
0.59019, 0.937749
0.872621, 0.830397
0.613405, 0.846846
0.394489, 0.981228
0.646073, 0.815166
0.987225, 0.905205
0.974736, 0.793213
0.927937, 0.892839
0.679833, 0.800558
0.941956, 0.74078
0.990296, 0.481414
0.992735, 0.305516
0.522107, 0.97996
0.968662, 0.423157
0.955619, 0.689505
0.305043, 0.968406
0.519224, 0.996732
0.686934, 0.729945
0.975736, 0.240253
0.776912, 0.788861
0.806254, 0.977268
0.994095, 0.142657
0.838057, 0.878366
0.840461, 0.617229
0.681923, 0.848452
0.813055, 0.642336
0.48771, 0.99004
0.267709, 0.992753
0.831653, 0.591031
0.668695, 0.905197
0.895236, 0.933014
0.731977, 0.841883
0.706159, 0.710626
0.596937, 0.952947
0.88811, 0.829496
0.378773, 0.964108
0.985984, 0.767849
0.842827, 0.724309
0.928781, 0.440465
0.881548, 0.946461
0.81083, 0.731064
0.366339, 0.991583
0.993933, 0.686735
0.931365, 0.750605
0.980147, 0.203523
0.834493, 0.584378
0.947822, 0.75162
0.529922, 0.93092
0.891433, 0.535365
0.907578, 0.929439
0.731527, 0.740724
0.874359, 0.560595
0.902423, 0.603148
0.411963, 0.953659
0.833057, 0.829703
0.930996, 0.796455
0.678095, 0.882644
0.728794, 0.844997
0.907751, 0.902494
0.561721, 0.977595
0.824453, 0.896586
0.817191, 0.85781
0.529596, 0.90722
0.803806, 0.889878
0.992244, 0.945357
0.928922, 0.377085
0.806871, 0.711848
0.949804, 0.561424
0.745712, 0.885648
0.541721, 0.948586
0.328562, 0.953532
0.997259, 0.437868
0.950474, 0.912255
0.390092, 0.976501
0.74824, 0.901285
0.704013, 0.97908
0.581416, 0.863863
0.993901, 0.784987
0.988984, 0.742423
0.857619, 0.5704
0.888574, 0.945891
0.880959, 0.892114
0.811521, 0.991954
0.609591, 0.869563
0.91822, 0.700389
0.206245, 0.988158
0.944161, 0.787189
0.885506, 0.586384
0.418145, 0.979844
0.833009, 0.783748
0.95154, 0.529767
0.655593, 0.958033
0.803327, 0.60297
0.986051, 0.33697
0.984687, 0.718616
0.914022, 0.585751
0.918479, 0.781342
0.937044, 0.37554
0.953144, 0.579464
0.774947, 0.90712
0.807721, 0.688969
0.714569, 0.866024
0.960798, 0.468855
0.512235, 0.859853
0.299342, 0.954456
0.972156, 0.538111
0.674837, 0.897097
0.570478, 0.833517
0.911133, 0.886625
0.996665, 0.819037
0.511007, 0.997488
0.745335, 0.885496
0.640775, 0.78923
0.471277, 0.886863
0.340052, 0.982283
0.86778, 0.892459
0.387645, 0.946368
0.913735, 0.448107
0.803396, 0.827703
0.703057, 0.752066
0.990084, 0.431812
0.772378, 0.959853
0.900307, 0.949841
0.492398, 0.959719
0.606121, 0.989062
0.893399, 0.659487
0.888411, 0.500594
0.556219, 0.887521
0.850211, 0.77677
0.711622, 0.827784
0.89612, 0.618864
0.779806, 0.641616
0.530278, 0.999389
0.848182, 0.533448
0.998866, 0.893943
0.618455, 0.931736
0.922823, 0.982451
0.838511, 0.961972
0.737304, 0.845465
0.825551, 0.980598
0.822406, 0.855373
0.649401, 0.963889
0.992903, 0.166659
0.499709, 0.946987
0.66794, 0.903194
0.947609, 0.461791
0.870344, 0.59701
0.933458, 0.614606
0.960303, 0.531937
0.664249, 0.999402
0.590745, 0.837905
0.954722, 0.617115
0.865703, 0.545467
0.779039, 0.946499
0.87891, 0.577309
0.944205, 0.887277
0.909248, 0.499064
0.970417, 0.788158
0.918562, 0.77394
0.452888, 0.938577
0.946622, 0.44384
0.753285, 0.742955
0.712906, 0.843845
0.112464, 0.997996
0.827657, 0.822631
0.932281, 0.751741
0.823938, 0.788107
0.835942, 0.936401
0.786103, 0.860333
0.964354, 0.399802
0.94046, 0.900624
0.875749, 0.908817
0.942073, 0.357496
0.995006, 0.120994
0.876742, 0.992683
0.745708, 0.99244
0.99825, 0.344942
0.86691, 0.804677
0.866536, 0.63429
0.715784, 0.736818
0.964081, 0.744113
0.64077, 0.840822
0.736796, 0.944524
0.685907, 0.853487
0.924245, 0.426972
0.501931, 0.957369
0.738973, 0.694039
0.651726, 0.847417
0.57903, 0.851414
0.616199, 0.806215
0.89754, 0.895247
0.810769, 0.635109
0.496904, 0.871495
0.7767, 0.729608
0.728854, 0.762818
0.529852, 0.894944
0.752864, 0.778467
0.699478, 0.907634
0.869282, 0.707017
0.765352, 0.865639
0.907295, 0.54288
0.953101, 0.725593
0.847127, 0.731565
0.838029, 0.624486
0.717481, 0.81967
0.971448, 0.645258
0.721246, 0.708944
0.698101, 0.882819
0.97863, 0.352371
0.994431, 0.907951
0.969685, 0.624757
0.833622, 0.630186
0.930642, 0.974118
0.989278, 0.711136
0.575998, 0.853309
0.490226, 0.977364
0.791896, 0.689376
0.965702, 0.961222
0.961614, 0.819156
0.780626, 0.733418
0.860654, 0.781953
0.716895, 0.804648
0.375305, 0.977474
0.527835, 0.912947
0.508589, 0.971828
0.998749, 0.435389
0.789766, 0.658217
0.628292, 0.936508
0.506235, 0.978876
0.819191, 0.708921
0.62333, 0.982395
0.945055, 0.744344
0.741801, 0.70874
0.843263, 0.844617
0.359926, 0.998141
0.722319, 0.834714
0.145556, 0.99076
0.69368, 0.988819
0.987771, 0.46406
0.803073, 0.612594
0.56687, 0.928149
0.854308, 0.938022
0.918511, 0.586118
0.986991, 0.241945
0.852002, 0.580143
0.741736, 0.889999
0.913867, 0.935604
0.978417, 0.301957
0.735963, 0.729979
0.662498, 0.905281
0.603212, 0.991736
0.912427, 0.873044
0.54456, 0.99337
0.974905, 0.292042
0.892752, 0.813868
0.686912, 0.988323
0.922485, 0.926753
0.623714, 0.828429
0.880766, 0.575705
0.476126, 0.977762
0.72004, 0.835989
0.875814, 0.668024
0.767863, 0.975337
0.871247, 0.74943
0.882155, 0.883288
0.891691, 0.892667
0.612911, 0.803335
0.994719, 0.176378
0.893737, 0.803679
0.972606, 0.950673
0.263663, 0.967325
0.977191, 0.270392
0.96942, 0.686188
0.950504, 0.380277
0.576445, 0.903593
0.816113, 0.861888
0.715915, 0.706157
0.946748, 0.992179
0.871903, 0.634718
0.914681, 0.741851
0.794016, 0.662888
0.77626, 0.929535
0.695549, 0.927231
0.958876, 0.737224
0.658652, 0.905624
0.729402, 0.77035
0.967814, 0.330395
0.802773, 0.928045
0.665269, 0.866681
0.637031, 0.95517
0.792667, 0.719129
0.787427, 0.779042
0.817916, 0.642501
0.791188, 0.876927
0.448129, 0.978283
0.593829, 0.949687
0.606001, 0.972508
0.493836, 0.901847
0.851534, 0.769888
0.573359, 0.908974
0.833535, 0.701421
0.787459, 0.908035
0.883255, 0.854541
0.380809, 0.948621
0.98531, 0.348731
0.786477, 0.852052
0.978376, 0.505696
0.955262, 0.413706
0.771707, 0.914881
0.419112, 0.992891
0.432672, 0.906362
0.936406, 0.864227
0.675364, 0.97052
0.726752, 0.921971
0.980255, 0.481348
0.94246, 0.889219
0.781449, 0.878866
0.60755, 0.822341
0.631058, 0.919552
0.661288, 0.936865
0.784062, 0.981733
0.951362, 0.746232
0.608324, 0.919899
0.916994, 0.768877
0.917704, 0.590407
0.95512, 0.395662
0.884645, 0.564364
0.932667, 0.436402
0.810433, 0.879424
0.82107, 0.652981
0.95383, 0.77619
0.975603, 0.827306
0.972906, 0.754268
0.826047, 0.926736
0.530458, 0.87469
0.765211, 0.871012
0.949591, 0.705552
0.780217, 0.662467
0.877004, 0.887803
0.928056, 0.489588
0.482712, 0.958116
0.953476, 0.954089
0.613298, 0.809662
0.609694, 0.953873
0.905749, 0.519782
0.461354, 0.942949
0.997124, 0.659944
0.927256, 0.458478
0.824674, 0.786328
0.998373, 0.864721
0.453023, 0.958988
0.584856, 0.84515
0.91473, 0.613615
0.988356, 0.603743
0.928721, 0.849733
0.952513, 0.970644
0.754037, 0.821302
0.927313, 0.950285
0.420287, 0.980711
0.938435, 0.420245
0.741689, 0.90295
0.641561, 0.89953
0.61461, 0.993441
0.877005, 0.552053
0.172536, 0.987055
0.492079, 0.919219
0.996715, 0.280729
0.743892, 0.78674
0.880794, 0.716716
0.972949, 0.862846
0.88359, 0.792839
0.871942, 0.676757
0.745523, 0.868657
0.957486, 0.655258
0.441998, 0.975663
0.845617, 0.748856
0.847668, 0.80279
0.450324, 0.997752
0.677484, 0.986997
0.886255, 0.534979
0.563855, 0.965994
0.986135, 0.854192
0.995889, 0.279381
0.726153, 0.746513
0.305067, 0.984378
0.955351, 0.418842
0.847685, 0.941486
0.750336, 0.696507
0.998854, 0.679444
0.424511, 0.909898
0.317665, 0.955012
0.434522, 0.969567
0.911638, 0.649267
0.403804, 0.99085
0.907037, 0.828515
0.968048, 0.971919
0.794085, 0.871382
0.99308, 0.749573
0.779811, 0.819255
0.894963, 0.82736
0.260774, 0.9819
0.48761, 0.920834
0.836632, 0.695867
0.781765, 0.65787
0.500238, 0.991112
0.811304, 0.828023
0.90729, 0.91052
0.942868, 0.611704
0.900142, 0.646879
0.854457, 0.667591
0.472118, 0.970116
0.933191, 0.807889
0.971062, 0.600733
0.893121, 0.873311
0.842005, 0.834459
0.903074, 0.600126
0.648708, 0.956893
0.744722, 0.791517
0.604824, 0.875285
0.991016, 0.447909
0.985071, 0.898652
0.929839, 0.763816
0.908259, 0.880336
0.977177, 0.678378
0.646618, 0.907017
0.994731, 0.755044
0.986793, 0.722963
0.787666, 0.914972
0.90682, 0.687299
0.791014, 0.807871
0.780802, 0.68325
0.460598, 0.966368
0.962421, 0.852059
0.842248, 0.819105
0.524659, 0.971209
0.214019, 0.985258
0.937577, 0.4515
0.172965, 0.996541
0.255136, 0.97604
0.972273, 0.842171
0.909889, 0.824189
0.682801, 0.89336
0.993488, 0.640777
0.999922, 0.399826
0.936853, 0.666421
0.919564, 0.728496
0.880859, 0.744435
0.828418, 0.788186
0.902403, 0.784589
0.493519, 0.99884
0.566458, 0.983096
0.790857, 0.800552
0.768889, 0.757152
0.95852, 0.91955
0.604306, 0.860924
0.859763, 0.805458
0.800663, 0.808975
0.94677, 0.990679
0.932929, 0.405194
0.59347, 0.906195
0.809763, 0.982708
0.810176, 0.642965
0.418269, 0.945884
0.998495, 0.64267
0.716738, 0.734224
0.699794, 0.717681
0.858836, 0.709474
0.545388, 0.990671
0.502745, 0.882685
0.74161, 0.921014
0.951424, 0.827064
0.318536, 0.969063
0.686744, 0.829022
0.619736, 0.801297
0.96001, 0.448305
0.768343, 0.889441
0.939267, 0.417818
0.631777, 0.961712
0.667234, 0.883804
0.75088, 0.669219
0.937384, 0.424938
0.895532, 0.93988
0.610032, 0.909559
0.707082, 0.805812
0.990556, 0.566503
0.630512, 0.925851
0.902933, 0.818854
0.630972, 0.937071
0.627816, 0.965265
0.942897, 0.466386
0.635732, 0.979909
0.607011, 0.940253
0.365665, 0.990326
0.733931, 0.703431
0.45992, 0.948664
0.986504, 0.732527
0.719021, 0.968447
0.203947, 0.9881
0.677869, 0.779454
0.747902, 0.91728
0.722835, 0.798151
0.584, 0.920406
0.738561, 0.959685
0.876965, 0.798873
0.856227, 0.695327
0.592074, 0.906618
0.607026, 0.820551
0.857126, 0.899949
0.815921, 0.941979
0.518249, 0.867467
0.774085, 0.744574
0.919501, 0.913607
0.971859, 0.676201
0.566219, 0.897552
0.949734, 0.9454
0.580806, 0.987758
0.742848, 0.953772
0.913963, 0.870158
0.713651, 0.878233
0.950862, 0.777154
0.878321, 0.583138
0.990797, 0.474154
0.889368, 0.555053
0.920248, 0.856513
0.493609, 0.911045
0.330668, 0.968207
0.688374, 0.794184
0.508539, 0.919848
0.536932, 0.873145
0.792674, 0.980874
0.775058, 0.911375
0.962849, 0.307107
0.691526, 0.731263
0.954515, 0.363144
0.925384, 0.968757
0.952538, 0.614511
0.790423, 0.960957
0.937736, 0.384224
0.718817, 0.86312
0.855062, 0.668449
0.410081, 0.976987
0.878618, 0.887712
0.8499, 0.965049
0.942652, 0.656935
0.712984, 0.82127
0.994794, 0.116228
0.852224, 0.985408
0.898583, 0.565207
0.587048, 0.820274
0.664556, 0.946277
0.995157, 0.973169
0.990828, 0.378451
0.988587, 0.215958
0.875421, 0.63607
0.626121, 0.876489
0.955124, 0.866964
0.986785, 0.305839
0.891593, 0.941909
0.744705, 0.942454
0.92069, 0.657002
0.998358, 0.669724
0.2627, 0.973662
0.999404, 0.743564
0.987777, 0.46384
0.510553, 0.935751
0.980766, 0.490794
0.959305, 0.908427
0.822767, 0.842707
0.735938, 0.861906
0.923919, 0.460387
0.602986, 0.966613
0.804257, 0.989579
0.832287, 0.660458
0.928495, 0.444202
0.601814, 0.856276
0.644171, 0.817716
0.509426, 0.877395
0.855385, 0.683271
0.628678, 0.845412
0.751821, 0.896035
0.340237, 0.957936
0.338209, 0.943218
0.972901, 0.776394
0.453106, 0.897502
0.805162, 0.988471
0.974697, 0.657042
0.944843, 0.477724
0.718424, 0.851981
0.99642, 0.114305
0.54116, 0.987853
0.762303, 0.926425
0.414878, 0.95106
0.708964, 0.868904
0.984821, 0.290105
0.647929, 0.973168
0.954868, 0.523156
0.445901, 0.939689
0.813261, 0.869694
0.596267, 0.915006
0.765832, 0.997982
0.909671, 0.450449
0.908242, 0.567913
0.657901, 0.86175
0.910386, 0.989797
0.299786, 0.981643
0.998777, 0.15443
0.727555, 0.960641
0.822391, 0.974445
0.77496, 0.822434
0.814634, 0.952034
0.957238, 0.975237
0.772471, 0.915421
0.591012, 0.959616
0.759905, 0.775433
0.889377, 0.538457
0.709909, 0.725474
0.761819, 0.73327
0.940655, 0.637417
0.935343, 0.965108
0.877773, 0.560952
0.774318, 0.959166
0.814019, 0.929909
0.807098, 0.767483
0.548746, 0.873416
0.883233, 0.903327
0.91436, 0.62632
0.80671, 0.846313
0.685983, 0.796373
0.6997, 0.984392
0.876373, 0.505071
0.540241, 0.876267
0.878949, 0.671299
0.763625, 0.86897
0.917272, 0.825739
0.751767, 0.869031
0.918362, 0.923685
0.471391, 0.945864
0.812954, 0.906686
0.965911, 0.893767
0.763814, 0.993332
0.906809, 0.821618
0.848822, 0.667399
0.757937, 0.932169
0.767778, 0.73462
0.994846, 0.190745
0.797208, 0.955682
0.427304, 0.956676
0.733399, 0.758112
0.984958, 0.291303
0.810027, 0.651113
0.975306, 0.617522
0.957035, 0.901804
0.788145, 0.718549
0.906371, 0.42283
0.96303, 0.813993
0.963432, 0.303205
0.910556, 0.442698
0.671931, 0.868469
0.799695, 0.611211
0.661216, 0.801446
0.954908, 0.863681
0.407488, 0.970851
0.87904, 0.617822
0.964716, 0.97252
0.636331, 0.915991
0.935748, 0.550017
0.968094, 0.550032
0.84303, 0.595326
0.604869, 0.897138
0.933269, 0.864937
0.948083, 0.430909
0.864347, 0.516856
0.888356, 0.657177
0.861561, 0.579773
0.647189, 0.863268
0.754086, 0.970078
0.879196, 0.764579
0.499584, 0.86776
0.633312, 0.880696
0.739419, 0.683922
0.844888, 0.567577
0.865563, 0.983181
0.823943, 0.965251
0.771378, 0.922832
0.844176, 0.717949
0.852286, 0.709739
0.915088, 0.525074
0.996417, 0.354939
0.82124, 0.741702
0.836021, 0.698371
0.909505, 0.546122
0.860992, 0.60217
0.876937, 0.546847
0.87927, 0.971541
0.760757, 0.935501
0.929877, 0.596778
0.633872, 0.966506
0.99154, 0.77107
0.78464, 0.937711
0.909252, 0.737764
0.915664, 0.778196
0.665932, 0.84554
0.85129, 0.918968
0.818047, 0.752215
0.418087, 0.97346
0.629077, 0.968075
0.709816, 0.998288
0.569286, 0.928607
0.888692, 0.468495
0.578498, 0.84535
0.670067, 0.878028
0.806635, 0.950431
0.964613, 0.430164
0.798331, 0.694109
0.663143, 0.762944
0.975977, 0.879568
0.889239, 0.751659
0.83441, 0.585066
0.995084, 0.959875
0.707243, 0.853244
0.997877, 0.734676
0.986126, 0.237723
0.601843, 0.893662
0.886047, 0.596927
0.719555, 0.732478
0.966613, 0.333926
0.46115, 0.985378
0.531962, 0.993392
0.523512, 0.959696
0.61688, 0.925805
0.584851, 0.882702
0.92275, 0.562905
0.854261, 0.979398
0.946881, 0.515302
0.382272, 0.986036
0.35989, 0.948225
0.42989, 0.97677
0.859472, 0.599318
0.986362, 0.64281
0.594721, 0.988736
0.965506, 0.863386
0.619792, 0.979743
0.622552, 0.926107
0.974789, 0.251398
0.967239, 0.56951
0.819982, 0.633472
0.601958, 0.933792
0.797059, 0.723685
0.950009, 0.908601
0.605772, 0.849445
0.982561, 0.243794
0.728698, 0.776155
0.667925, 0.940206
0.905938, 0.473119
0.421392, 0.982775
0.97179, 0.91273
0.83481, 0.558934
0.98997, 0.980342
0.722708, 0.718669
0.756497, 0.973675
0.669826, 0.914611
0.535213, 0.962325
0.5987, 0.895995
0.676299, 0.841404
0.714004, 0.825672
0.787997, 0.693815
0.84227, 0.907847
0.642982, 0.903454
0.88282, 0.512902
0.601772, 0.954827
0.99323, 0.501727
0.941266, 0.403134
0.895485, 0.740716
0.926614, 0.429403
0.942305, 0.417673
0.976993, 0.544077
0.3725, 0.970223
0.961137, 0.932321
0.832166, 0.907308
0.968975, 0.707168
0.94245, 0.341475
0.677391, 0.988253
0.918018, 0.42884
0.729176, 0.789433
0.918742, 0.690314
0.948072, 0.566105
0.96133, 0.825724
0.992022, 0.182558
0.93254, 0.726415
0.954335, 0.692996
0.989279, 0.407293
0.841222, 0.739406
0.919832, 0.562862
0.641685, 0.8089
0.896038, 0.924356
0.971926, 0.765197
0.937553, 0.589537
0.949419, 0.421618
0.464554, 0.945326
0.963763, 0.332531
0.924682, 0.553578
0.926438, 0.399733
0.505333, 0.875857
0.821352, 0.969888
0.970213, 0.784946
0.590377, 0.894895
0.791502, 0.657298
0.529442, 0.890162
0.926376, 0.527374
0.691532, 0.891654
0.682126, 0.833996
0.927336, 0.975515
0.629402, 0.802442
0.632466, 0.903104
0.679828, 0.758549
0.794945, 0.9255
0.962674, 0.457145
0.743722, 0.935549
0.955761, 0.795122
0.634039, 0.804
0.7295, 0.802445
0.775339, 0.692174
0.986609, 0.325905
0.753693, 0.912419
0.604593, 0.815658
0.512483, 0.98643
0.936107, 0.379299
0.908332, 0.846081
0.951452, 0.436175
0.876834, 0.76959
0.362239, 0.956664
0.572292, 0.972467
0.86508, 0.710195
0.873429, 0.545699
0.97656, 0.994433
0.666282, 0.945642
0.951718, 0.522735
0.999968, 0.464109
0.648691, 0.93189
0.974591, 0.346586
0.718829, 0.938469
0.937105, 0.897425
0.219075, 0.980495
0.917731, 0.901547
0.533579, 0.887355
0.707152, 0.849323
0.853855, 0.959569
0.715774, 0.715203
0.749451, 0.762799
0.993614, 0.445296
0.801285, 0.629575
0.49825, 0.895975
0.562876, 0.872018
0.963258, 0.663135
